# vecihle
vecihle_z: 0.496
vecihle_odom: 
  - row1: [1.0000, 0.0000, 0.0000, 0.0000]
  - row2: [0.0000, 1.0000, 0.0000, 0.0000]
  - row3: [0.0000, 0.0000, 1.0000, 0.5100]
  - row4: [0.0000, 0.0000, 0.0000, 1.0000]
vecihle_linear: 0.0000
vecihle_angular: 0.0000

# arm left
angle_arm_left: [0.0000, 0.0000, 0.0000, 0.0000, 0.0000, 0.0000] # [-1.5708, -2.7053, 0.0000, -1.5708, -1.5708, -1.5708] #  [0.0000, -2.7053, -0.7854, -1.5708, 2.7053, 0.0000] #
Slist_arm_left: 
  - S1: [0.0000, 0.0000, 1.0000, 0.0000, 0.0000, 0.0000]
  - S2: [0.0000, 1.0000, 0.0000, -0.0703, 0.0000, 0.0000]
  - S3: [0.0000, 1.0000, 0.0000, -0.0703, 0.0000, 0.2459]
  - S4: [0.0000, 1.0000, 0.0000, -0.0703, 0.0000, 0.5013]
  - S5: [0.0000, 0.0000, -1.0000, -0.0786, 0.5013, 0.0000]
  - S6: [0.0000, 1.0000, 0.0000, 0.0398, 0.0000, 0.5013]
M_arm_left: 
  - row1: [-1.0000, 0.0000, 0.0000, 0.5013]
  - row2: [0.0000, 0.0000, 1.0000, 0.2510]
  - row3: [0.0000, 1.0000, 0.0000, -0.0398]
  - row4: [0.0000, 0.0000, 0.0000, 1.0000]
T_base_left_arm:
  - row1: [-1.0000, 0.0000, 0.0000, 0.0500]
  - row2: [0.0000, -0.4229, 0.9062, 0.1373]
  - row3: [0.0000, 0.9062, 0.4229, -0.0906]
  - row4: [0.0000, 0.0000, 0.0000, 1.0000]
T_left_effector_camera:
  - row1: [0.012003,      -0.999939,    -2.40443e-05,   0.055690]
  - row2: [0.999939,      0.0120031,    2.25386e-05,    0.0166608]
  - row3: [-2.24133e-05,  -2.43145e-05, 1.00002,        -0.0908945]
  - row4: [           0,             0,          0,            1]

# arm_right
angle_arm_right:  [0.0000, 0.0000, 0.0000, 0.0000, 0.0000, 0.0000] # [1.5708, -0.4363, 0.0000, -1.5708, 1.5708, -1.5708] # [0.0000, -0.4363, 0.7854, -1.5708, -2.7053, 0.0000] # 
Slist_arm_right:
  - S1: [0.0000, 0.0000, 1.0000, 0.0000, 0.0000, 0.0000]
  - S2: [0.0000, 1.0000, 0.0000, -0.0805, 0.0000, 0.0000]
  - S3: [0.0000, 1.0000, 0.0000, -0.0805, 0.0000, 0.4247]
  - S4: [0.0000, 1.0000, 0.0000, -0.0805, 0.0000, 0.8091]
  - S5: [0.0000, 0.0000, -1.0000, -0.1110, 0.8091, 0.0000]
  - S6: [0.0000, 1.0000, 0.0000, 0.0296, 0.0000, 0.8091]
M_arm_right: 
  - row1: [-1.0000, 0.0000, 0.0000, 0.8091]
  - row2: [0.0000, 0.0000, 1.0000, 0.3790]
  - row3: [0.0000, 1.0000, 0.0000, -0.0296]
  - row4: [0.0000, 0.0000, 0.0000, 1.0000]
T_base_right_arm:
  - row1: [1.0000, 0.0000, 0.0000, -0.0500]
  - row2: [0.0000, 0.4229, -0.9062, -0.1373]
  - row3: [0.0000, 0.9062, 0.4229, -0.0906]
  - row4: [0.0000, 0.0000, 0.0000, 1.0000]
T_right_effector_camera:
  - row1: [-0.0108001,    -0.999952,      -1.42576e-05,   0.055263]
  - row2: [0.999953,      -0.0107999,     1.83614e-05,    0.0179375]
  - row3: [-1.83492e-05,  -1.40616e-05,   1.00002,        -0.18646]
  - row4: [ 0,            0,              0,              1]

# gripper
gripper_finger1: 0.0000
gripper_finger1_limit_min: 0.0000
gripper_finger1_limit_max: 0.7000